1.235336 -0.753160 -1.059550
1.259055 -0.736866 -1.032194
1.263257 -0.687104 -1.055915
1.257503 -0.693689 -1.056594
1.254336 -0.712859 -1.038142
1.254362 -0.712675 -1.038127
1.218684 -0.746070 -1.043704
1.248840 -0.739014 -1.037939
1.256498 -0.672743 -1.061182
1.248159 -0.757542 -1.057254
1.249749 -0.713463 -1.020251
1.248892 -0.738603 -1.038058
1.267749 -0.691415 -1.050865
1.274039 -0.679866 -1.053769
1.256564 -0.672167 -1.060941
1.254865 -0.746916 -1.054981
1.256590 -0.723224 -1.037578
1.242089 -0.724198 -1.043277
1.245653 -0.769860 -1.055546
1.244370 -0.754831 -1.058373
1.257385 -0.694491 -1.056390
1.267745 -0.691538 -1.051094
1.240486 -0.747706 -1.039497
1.225183 -0.793588 -1.044051
1.243235 -0.830374 -1.022796
1.242004 -0.724651 -1.043206
1.264287 -0.683017 -1.053809
1.259070 -0.736758 -1.032210
1.249946 -0.708063 -1.042859
1.248158 -0.732177 -1.060253
1.239291 -0.770469 -1.075998
1.250824 -0.729716 -1.038309
1.248821 -0.738979 -1.037968
1.266298 -0.673567 -1.053895
1.264771 -0.630695 -1.078221
1.236502 -0.794816 -1.039258
1.254483 -0.752065 -1.055778
1.248721 -0.739634 -1.037444
1.249770 -0.684014 -1.038741
1.263262 -0.687185 -1.055856
1.279743 -0.652512 -1.067318
1.264392 -0.616222 -1.060285
1.243712 -0.719863 -1.044236
1.242101 -0.724246 -1.043248
1.250647 -0.760862 -1.057844
1.248771 -0.739227 -1.037838
1.109441 -1.105015 -1.175608
1.257673 -0.676262 -1.036276
1.260774 -0.699735 -1.053951
1.241326 -0.743577 -1.062485
1.255297 -0.726513 -1.021026
1.253613 -0.727551 -1.059542
1.250573 -0.686039 -1.054076
1.243139 -0.668837 -1.043904
1.241762 -0.703341 -1.060738
1.237891 -0.693822 -1.063236
1.250853 -0.730000 -1.037973
1.241517 -0.742212 -1.062434
1.261088 -0.727511 -1.032793
1.266870 -0.670052 -1.055871
1.274048 -0.700514 -1.067544
1.267823 -0.691085 -1.050952
1.273005 -0.688474 -1.048842
1.254610 -0.732350 -1.036970
1.252820 -0.669501 -1.061960
1.241534 -0.730380 -1.044165
1.259529 -0.684509 -1.056858
1.242076 -0.724348 -1.043280
1.260505 -0.698524 -1.055796
1.241207 -0.818298 -1.033926
1.248731 -0.739753 -1.037954
1.244043 -0.714988 -1.043709
1.250851 -0.729662 -1.038260
1.250851 -0.729662 -1.038260
1.261070 -0.727567 -1.032834
1.231822 -0.733176 -1.045077
1.273513 -0.684821 -1.050160
1.244381 -0.754741 -1.058358
1.234650 -0.779416 -1.044356
1.257526 -0.693633 -1.056423
1.248879 -0.738813 -1.037634
1.250825 -0.729708 -1.038309
1.266531 -0.719831 -1.034475
1.229005 -0.784842 -1.044720
1.241966 -0.725243 -1.043288
1.248805 -0.738951 -1.038001
1.248832 -0.739036 -1.037935
1.254953 -0.730120 -1.057679
1.254609 -0.732360 -1.036971
1.273525 -0.684793 -1.050155
1.249823 -0.683530 -1.038598
1.275159 -0.696131 -1.050702
1.248809 -0.739026 -1.037707
1.259511 -0.684416 -1.056937
1.249814 -0.679618 -1.076133
1.261029 -0.677098 -1.056340
1.248838 -0.738819 -1.037686
1.262393 -0.666581 -1.035293
1.241566 -0.793190 -1.039042
1.264682 -0.731437 -1.031780
1.258869 -0.677421 -1.079358
1.229352 -0.738299 -1.044753
1.244102 -0.715313 -1.043584
1.267968 -0.617578 -1.073969
1.244102 -0.714933 -1.043611
1.261047 -0.676864 -1.056342
1.257504 -0.693848 -1.056589
1.248047 -0.758075 -1.057209
1.242282 -0.764543 -1.057943
1.214252 -0.808403 -1.045967
1.247869 -0.717789 -1.042511
1.260128 -0.706260 -1.037378
1.248831 -0.738976 -1.037935
1.226862 -0.795252 -1.044888
1.248719 -0.739963 -1.037972
1.244100 -0.714943 -1.043608
1.248820 -0.738920 -1.037968
1.254571 -0.703404 -1.070716
1.232006 -0.791696 -1.020815
1.239363 -0.803496 -1.038857
1.273337 -0.686303 -1.050405
1.267631 -0.692357 -1.051142
1.255356 -0.657362 -1.038772
1.252985 -0.722649 -1.015474
1.254415 -0.712479 -1.038232
1.254781 -0.747384 -1.054899
1.242018 -0.724625 -1.043191
1.257595 -0.693259 -1.056511
1.262766 -0.640058 -1.078081
1.252678 -0.761617 -1.052032
1.248981 -0.738388 -1.037821
1.240264 -0.679307 -1.062201
1.262655 -0.680338 -1.077914
1.249225 -0.727674 -1.037515
1.259032 -0.737186 -1.032340
1.250400 -0.665738 -1.019140
1.262675 -0.691491 -1.054312
1.250839 -0.729609 -1.038297
1.247758 -0.762638 -1.058092
1.233260 -0.814674 -1.040096
1.255889 -0.716471 -1.059891
1.229961 -0.768594 -1.025680
1.262788 -0.690439 -1.054592
1.259903 -0.684655 -1.056229
1.262778 -0.690667 -1.054287
1.251416 -0.726900 -1.014694
1.252070 -0.758414 -1.055194
1.238710 -0.796288 -1.061069
1.241151 -0.729020 -1.020211
1.260194 -0.718132 -1.073283
1.264875 -0.690276 -1.031383
1.266944 -0.629480 -1.055579
1.238365 -0.738143 -1.039853
1.241159 -0.739946 -1.061033
1.254655 -0.748287 -1.054978
1.248748 -0.739672 -1.037476
1.264825 -0.730394 -1.031774
1.243142 -0.745555 -1.038703
1.255755 -0.636348 -1.037682
1.279829 -0.651944 -1.067047
1.254778 -0.747340 -1.054921
1.240940 -0.766348 -1.063777
1.247290 -0.732950 -1.080421
1.250390 -0.735034 -1.039008
1.257368 -0.679687 -1.013744
1.258337 -0.674432 -1.037024
1.272082 -0.642130 -1.049179
1.249073 -0.748445 -1.053459
1.248070 -0.732631 -1.060216
1.242862 -0.786326 -1.038894
1.248572 -0.740357 -1.037849
1.261635 -0.761837 -1.049455
1.266237 -0.678195 -1.016508
1.252856 -0.669238 -1.062085
1.256652 -0.723058 -1.037234
1.261769 -0.684486 -1.055322
1.264904 -0.746251 -1.049461
1.250044 -0.723210 -1.060639
1.236097 -0.766260 -1.058399
1.255802 -0.752789 -1.031802
1.254020 -0.710520 -1.056604
1.250822 -0.729448 -1.038061
1.256855 -0.686806 -1.079016
1.254820 -0.747328 -1.054550
1.232980 -0.802437 -1.061774
1.239291 -0.782821 -1.039626
1.263153 -0.688041 -1.055883
1.264973 -0.689436 -1.031333
1.264829 -0.729976 -1.031295
1.257499 -0.693369 -1.056651
1.263492 -0.701962 -1.073265
1.259060 -0.736886 -1.032504
1.254329 -0.712759 -1.038167
1.228889 -0.785954 -1.045182
1.247639 -0.760991 -1.056015
1.278639 -0.683179 -1.048127
1.248228 -0.756952 -1.057150
1.245384 -0.811507 -1.055875
1.259029 -0.682726 -1.054678
1.260994 -0.727857 -1.032599
1.242096 -0.724206 -1.043274
1.266311 -0.674033 -1.054311
1.251599 -0.723839 -1.038108
1.253653 -0.731459 -1.057465
1.256165 -0.728543 -1.038259
1.268353 -0.698654 -1.073070
1.267645 -0.621854 -1.055476
1.247811 -0.759996 -1.055691
1.261171 -0.699099 -1.054798
1.232856 -0.787202 -1.043858
1.241307 -0.743556 -1.062714
1.248682 -0.739529 -1.037522
1.250817 -0.729462 -1.038087
1.248822 -0.738974 -1.037969
1.245100 -0.726991 -1.062375
1.252382 -0.722006 -1.037479
1.262813 -0.690521 -1.054536
1.263555 -0.701608 -1.073349
1.248812 -0.738975 -1.037976
1.233742 -0.809014 -1.039507
1.266308 -0.673708 -1.054126
1.259040 -0.736974 -1.032229
1.258305 -0.736809 -1.052667
1.259073 -0.736783 -1.032489
1.250652 -0.679208 -1.061794
1.233132 -0.801800 -1.061635
1.252357 -0.721741 -1.037324
1.270344 -0.716259 -1.067811
1.255883 -0.676622 -1.059538
1.273332 -0.686071 -1.050244
1.249821 -0.708781 -1.042761
1.260476 -0.738355 -1.054736
1.241301 -0.724463 -1.063322
1.238657 -0.740834 -1.016232
1.247635 -0.710119 -1.079564
1.257573 -0.693543 -1.056128
1.241524 -0.741899 -1.062539
1.232671 -0.788585 -1.043871
1.241862 -0.807438 -1.056872
1.246586 -0.698662 -1.059272
1.257511 -0.693746 -1.056328
1.262790 -0.690428 -1.054595
1.263648 -0.701340 -1.073512
1.276709 -0.691662 -1.047658
1.248751 -0.739391 -1.037884
1.247295 -0.736509 -1.037287
1.256870 -0.686754 -1.079021
1.273275 -0.686704 -1.049893
1.260499 -0.698345 -1.055844
1.260746 -0.700060 -1.053964
1.270984 -0.697786 -1.048527
1.254329 -0.712690 -1.038168
1.229057 -0.784631 -1.045166
1.254788 -0.747348 -1.054899
1.252163 -0.756059 -1.074877
1.252481 -0.762652 -1.052362
1.268553 -0.684425 -1.053829
1.239535 -0.762165 -1.038157
1.256493 -0.673988 -1.036205
1.254884 -0.746977 -1.054937
1.263609 -0.701409 -1.073692
1.248060 -0.732522 -1.059998
1.244651 -0.712232 -1.019626
1.275229 -0.648628 -1.072082
1.244043 -0.690347 -1.038772
1.246747 -0.739088 -1.060515
1.241149 -0.729036 -1.020231
1.254927 -0.746713 -1.055077
1.225428 -0.792215 -1.044033
1.250844 -0.729858 -1.038278
1.264279 -0.683221 -1.054031
1.263401 -0.687470 -1.030804
1.242060 -0.724234 -1.043104
1.250786 -0.679033 -1.061856
1.269408 -0.694961 -1.072887
1.263508 -0.701771 -1.073505
1.250727 -0.679184 -1.061571
1.269734 -0.648568 -1.091530
1.276761 -0.691235 -1.047804
1.264266 -0.682962 -1.053845
1.240125 -0.708212 -1.024679
1.250831 -0.729663 -1.038296
1.251923 -0.755207 -1.074870
1.252324 -0.722186 -1.037809
1.253269 -0.704515 -1.078985
1.262988 -0.673781 -1.012856
1.280813 -0.621659 -1.071807
1.249000 -0.738254 -1.037806
1.240463 -0.722341 -1.042525
1.231600 -0.724084 -1.045230
1.248907 -0.738713 -1.038027
1.246050 -0.748382 -1.057780
1.234787 -0.753756 -1.040343
1.264298 -0.682941 -1.053913
1.267750 -0.691410 -1.050866
1.225262 -0.776847 -1.026251
1.269302 -0.695468 -1.072694
1.248683 -0.739524 -1.037522
1.257521 -0.693524 -1.056446
1.260970 -0.677137 -1.056419
1.258383 -0.736497 -1.052432
1.261027 -0.676752 -1.056181
1.226052 -0.799267 -1.021629
1.232684 -0.788572 -1.044242
1.257587 -0.693204 -1.056416
1.241485 -0.742058 -1.062556
1.257408 -0.694462 -1.056330
1.246681 -0.715059 -1.056758
1.250517 -0.683184 -1.062940
1.259082 -0.737061 -1.032103
1.266894 -0.720679 -1.031778
1.248031 -0.758306 -1.057464
1.232624 -0.788692 -1.043940
1.269796 -0.682073 -1.051402
1.259828 -0.678526 -1.058563
1.244104 -0.714813 -1.043376
1.258963 -0.737707 -1.032520
1.267746 -0.691656 -1.051090
1.247856 -0.717490 -1.042405
1.259311 -0.685848 -1.056561
1.264775 -0.730811 -1.031629
1.252603 -0.761809 -1.052587
1.244040 -0.715366 -1.043509
1.248146 -0.732293 -1.060252
1.226915 -0.794843 -1.044611
1.252328 -0.722119 -1.037683
1.276835 -0.691434 -1.047881
1.254573 -0.732150 -1.037075
1.237261 -0.792113 -1.039096
1.248819 -0.738928 -1.037968
1.250746 -0.679089 -1.061920
1.252185 -0.652665 -1.042190
1.259166 -0.710962 -1.014205
1.256968 -0.712447 -1.051011
1.275527 -0.675483 -1.050506
1.243918 -0.716012 -1.043708
1.241364 -0.724283 -1.063379
1.242038 -0.724541 -1.043160
1.250859 -0.678699 -1.061424
1.258496 -0.754978 -1.051559
1.266734 -0.670499 -1.055741
1.254153 -0.713778 -1.038260
1.248855 -0.738728 -1.037939
1.250826 -0.729555 -1.038328
1.245895 -0.747254 -1.057827
1.250771 -0.730075 -1.038200
1.250811 -0.729769 -1.038045
1.276771 -0.691372 -1.048033
1.256323 -0.745647 -1.052203
1.245952 -0.750929 -1.038088
1.247656 -0.719073 -1.042607
1.245895 -0.747198 -1.057828
1.239110 -0.736837 -1.043576
1.244090 -0.715009 -1.043613
1.250474 -0.734735 -1.039059
1.252357 -0.722097 -1.037765
1.252405 -0.692585 -1.057212
1.248221 -0.757096 -1.057130
1.241263 -0.743661 -1.062781
1.247774 -0.718287 -1.042452
1.242100 -0.724249 -1.043248
1.252335 -0.722255 -1.037776
1.231803 -0.733101 -1.044828
1.261102 -0.727645 -1.032795
1.258903 -0.737867 -1.032611
1.239669 -0.801767 -1.038971
1.242867 -0.786708 -1.038672
1.257515 -0.693602 -1.056577
1.258102 -0.715609 -1.037074
1.256550 -0.672300 -1.061176
1.263275 -0.687008 -1.055638
1.248828 -0.738927 -1.037965
1.254336 -0.712862 -1.038141
1.244070 -0.715210 -1.043472
1.251954 -0.727212 -1.038602
1.270429 -0.672363 -1.056480
1.273352 -0.686050 -1.050210
1.247797 -0.718239 -1.042420
1.242454 -0.763544 -1.058046
1.243104 -0.720189 -1.020445
1.260065 -0.706665 -1.037415
1.237307 -0.791703 -1.039328
1.253665 -0.687119 -1.056120
1.251818 -0.790800 -1.033598
1.233616 -0.809722 -1.039618
1.248680 -0.739862 -1.038049
1.248057 -0.757954 -1.057215
1.254506 -0.732987 -1.037146
1.231699 -0.793746 -1.020656
1.258616 -0.663687 -1.036260
1.264370 -0.682635 -1.053898
1.244113 -0.714987 -1.043581
1.252008 -0.758746 -1.055101
1.254778 -0.747423 -1.054906
1.244161 -0.806100 -1.033895
1.262767 -0.674873 -1.012859
1.269801 -0.680855 -1.054107
1.268915 -0.745990 -1.053316
1.257571 -0.693360 -1.056428
1.254910 -0.746714 -1.054811
1.242416 -0.713323 -1.042771
1.241671 -0.792521 -1.039312
1.255385 -0.678496 -1.038040
1.246672 -0.682759 -1.019507
1.235263 -0.706233 -1.079072
1.254019 -0.684809 -1.056811
1.271344 -0.685694 -1.072983
1.237015 -0.698016 -1.039946
1.246140 -0.797293 -1.034263
1.259066 -0.736838 -1.032493
1.272078 -0.667137 -1.053418
1.260079 -0.681319 -1.033096
1.247687 -0.718978 -1.042552
1.260576 -0.740848 -1.054129
1.248747 -0.739278 -1.037884
1.225973 -0.799957 -1.021829
1.251192 -0.727948 -1.014735
1.279149 -0.653871 -1.066803
1.255014 -0.746216 -1.054617
1.248433 -0.744056 -1.038774
1.255343 -0.726135 -1.021147
1.252448 -0.667224 -1.059833
1.267753 -0.691491 -1.050864
1.246861 -0.722628 -1.019186
1.262557 -0.707427 -1.050258
1.264543 -0.722877 -1.068581
1.260299 -0.746514 -1.051974
1.248912 -0.738552 -1.038048
1.266928 -0.736861 -1.049782
1.249147 -0.727882 -1.037484
1.249616 -0.801347 -1.033381
1.258180 -0.712258 -1.050357
1.255591 -0.753836 -1.032216
1.263487 -0.683458 -1.073852
1.259363 -0.675082 -1.055666
1.250855 -0.729518 -1.038032
1.243044 -0.669236 -1.044060
1.252330 -0.722107 -1.037683
1.252623 -0.761868 -1.052544
1.270970 -0.697834 -1.048247
1.241490 -0.741935 -1.062573
1.266789 -0.721486 -1.031963
1.232989 -0.802910 -1.061946
1.252270 -0.722487 -1.037699
1.246030 -0.797494 -1.034322
1.281719 -0.643172 -1.067464
1.242233 -0.723547 -1.043223
1.263298 -0.687265 -1.055785
1.232816 -0.787394 -1.043890
1.263288 -0.687485 -1.055779
1.254592 -0.732362 -1.036984
1.258142 -0.715367 -1.036826
1.250846 -0.729556 -1.038289
1.242088 -0.724262 -1.043276
1.235581 -0.735983 -1.044015
1.257301 -0.603374 -1.061597
1.235739 -0.771195 -1.027873
1.273958 -0.635453 -1.049687
1.263319 -0.687125 -1.055773
1.267743 -0.691460 -1.050859
1.269156 -0.676473 -1.031330
1.264852 -0.730957 -1.031917
1.251643 -0.740595 -1.057160
1.246493 -0.658526 -1.042792
1.244102 -0.714871 -1.043609
1.250961 -0.683562 -1.074431
1.252319 -0.722074 -1.037838
1.273578 -0.684546 -1.050263
1.249786 -0.799992 -1.033058
1.249645 -0.801272 -1.033330
1.258917 -0.737621 -1.032599
1.254601 -0.732459 -1.037205
1.250499 -0.683314 -1.062950
1.260885 -0.677725 -1.056215
1.259086 -0.736771 -1.032175
1.238082 -0.755319 -1.039087
1.264841 -0.730271 -1.031759
1.248130 -0.757445 -1.057329
1.242074 -0.724225 -1.043307
1.256540 -0.672657 -1.061119
1.252841 -0.704006 -1.072508
1.252205 -0.723016 -1.037837
1.247986 -0.741368 -1.038432
1.250822 -0.729736 -1.038307
1.232779 -0.787752 -1.044132
1.247867 -0.717812 -1.042518
1.244032 -0.806855 -1.033919
1.248674 -0.739654 -1.038106
1.233312 -0.811646 -1.039627
1.237893 -0.693844 -1.063489
1.248813 -0.739031 -1.037977
1.250846 -0.729558 -1.038289
1.248821 -0.738978 -1.037968
1.271018 -0.697861 -1.048708
1.262051 -0.741640 -1.031999
1.232004 -0.789627 -1.044737
1.242099 -0.724320 -1.043247
1.269501 -0.683748 -1.051045
1.267745 -0.691365 -1.050883
1.258278 -0.756054 -1.052021
1.256171 -0.748973 -1.032167
1.275211 -0.648290 -1.072160
1.266859 -0.720806 -1.031831
1.256959 -0.737140 -1.055113
1.254798 -0.747279 -1.054892
1.261014 -0.727810 -1.032730
1.263932 -0.718244 -1.034007
1.263293 -0.687924 -1.030861
1.285324 -0.646829 -1.066227
1.259411 -0.685140 -1.056987
1.247625 -0.807474 -1.040688
1.248080 -0.732622 -1.060173
1.265985 -0.670817 -1.075693
1.260056 -0.706576 -1.036939
1.274971 -0.628687 -1.072785
1.263634 -0.701460 -1.073140
1.242930 -0.786138 -1.038196
1.257500 -0.693708 -1.056592
1.250273 -0.698920 -1.079401
1.249148 -0.728113 -1.037303
1.272802 -0.686996 -1.049100
1.270067 -0.676447 -1.053085
1.264942 -0.689740 -1.031475
1.251549 -0.724188 -1.038375
1.242088 -0.724262 -1.043276
1.266922 -0.691798 -1.065699
1.252307 -0.722360 -1.037570
1.261111 -0.727499 -1.032435
1.280738 -0.622139 -1.072302
1.265262 -0.678877 -1.030995
1.231004 -0.727987 -1.024778
1.098127 -1.094366 -1.183919
1.255918 -0.807923 -1.050147
1.235606 -0.800441 -1.039384
1.240976 -0.730168 -1.020183
1.235777 -0.799705 -1.039819
1.264261 -0.683294 -1.054333
1.276780 -0.691236 -1.047758
1.249773 -0.683874 -1.038508
1.251021 -0.784577 -1.055640
1.263405 -0.702493 -1.073557
1.258847 -0.738521 -1.032268
1.254362 -0.712676 -1.038127
1.256825 -0.700696 -1.047662
1.272995 -0.688470 -1.048860
1.255544 -0.677400 -1.037987
1.255046 -0.745952 -1.054997
1.245357 -0.811848 -1.055442
1.248137 -0.691401 -1.057735
1.261748 -0.761468 -1.049213
1.273163 -0.687826 -1.048999
1.256067 -0.767441 -1.050087
1.241077 -0.729403 -1.020151
1.239658 -0.817912 -1.056560
1.260658 -0.740750 -1.054407
1.119941 -1.063817 -1.140219
1.260146 -0.705991 -1.037179
1.272704 -0.623011 -1.054492
1.285563 -0.645449 -1.066224
1.239393 -0.803150 -1.038633
1.256906 -0.737268 -1.055209
1.254049 -0.747311 -1.075034
1.248761 -0.739232 -1.037875
1.262724 -0.662463 -1.038368
1.266652 -0.713212 -1.068941
1.260790 -0.764716 -1.048897
1.232681 -0.788206 -1.043712
1.245406 -0.811486 -1.055834
1.267743 -0.691528 -1.050860
1.226753 -0.795725 -1.044481
1.258971 -0.737927 -1.032464
1.287469 -0.636741 -1.066766
1.271002 -0.697732 -1.048486
1.231775 -0.733057 -1.044928
1.225125 -0.777643 -1.026020
1.248753 -0.739226 -1.037875
1.252605 -0.761977 -1.052557
1.256584 -0.672139 -1.060929
1.247608 -0.760648 -1.053724
1.258996 -0.737269 -1.032421
1.124043 -1.098589 -1.166988
1.257506 -0.693680 -1.056611
1.259056 -0.736986 -1.032190
1.225074 -0.777903 -1.026325
1.252333 -0.722056 -1.037802
1.271050 -0.697762 -1.048688
1.259105 -0.736549 -1.032435
1.256866 -0.737719 -1.055320
1.252032 -0.756637 -1.074702
1.220503 -0.805977 -1.045567
1.248862 -0.738938 -1.037883
1.252324 -0.722182 -1.037808
1.257874 -0.716978 -1.037168
1.264917 -0.730074 -1.031859
1.267736 -0.691342 -1.051148
1.251543 -0.741682 -1.057208
1.255544 -0.677444 -1.037760
1.258601 -0.754198 -1.051826
1.266258 -0.673998 -1.054164
1.260693 -0.732482 -1.033655
1.256273 -0.748199 -1.032729
1.242078 -0.724330 -1.043280
1.256090 -0.688687 -1.079612
1.253874 -0.725992 -1.059201
1.257416 -0.694274 -1.056373
1.260466 -0.685517 -1.036225
1.272715 -0.623130 -1.054794
1.252252 -0.722481 -1.037732
1.263544 -0.701629 -1.073476
1.260326 -0.721091 -1.054938
1.259225 -0.685809 -1.056553
1.243596 -0.729222 -1.038965
1.279767 -0.652544 -1.067308
1.251824 -0.750978 -1.033551
1.249957 -0.799186 -1.033192
1.233609 -0.809771 -1.039625
1.256880 -0.686669 -1.078667
1.265065 -0.745193 -1.049360
1.264754 -0.730602 -1.031702
1.272665 -0.674619 -1.031205
1.279479 -0.637610 -1.049221
1.258099 -0.710394 -1.054132
1.267821 -0.691019 -1.050981
1.242983 -0.785596 -1.038604
1.246172 -0.700198 -1.043163
1.264780 -0.730642 -1.031662
1.273695 -0.644013 -1.049977
1.245963 -0.693044 -1.038123
1.269997 -0.676737 -1.052891
1.243251 -0.809323 -1.033723
1.252788 -0.731577 -1.036613
1.248594 -0.779985 -1.038056
1.248579 -0.740542 -1.037784
1.271020 -0.697977 -1.048713
1.258337 -0.674433 -1.037024
1.276774 -0.691347 -1.047754
1.109406 -1.105201 -1.175591
1.250111 -0.723180 -1.060319
1.254807 -0.747343 -1.054860
1.230193 -0.813878 -1.061990
1.260035 -0.706581 -1.037341
1.264753 -0.690923 -1.031489
1.266999 -0.680188 -1.031946
1.258034 -0.757916 -1.050573
1.255115 -0.745793 -1.054905
1.257454 -0.747080 -1.082048
1.263392 -0.702814 -1.073519
1.262118 -0.741554 -1.031595
1.260040 -0.706498 -1.037489
1.257609 -0.693235 -1.055889
1.279747 -0.681236 -1.048921
1.249781 -0.799887 -1.033069
1.254941 -0.746620 -1.054731
1.279547 -0.693561 -1.067410
1.258918 -0.737277 -1.032058
1.272334 -0.706984 -1.068301
1.245275 -0.686589 -1.060592
1.264972 -0.689925 -1.031440
1.258112 -0.715213 -1.036683
1.256852 -0.686895 -1.078748
1.248099 -0.732471 -1.059931
1.254785 -0.747335 -1.054631
1.272594 -0.705488 -1.068165
1.278605 -0.632023 -1.071561
1.260018 -0.718966 -1.073204
1.271765 -0.690725 -1.053325
1.264791 -0.680341 -1.051671
1.250225 -0.685070 -1.062763
1.261394 -0.686907 -1.054920
1.260656 -0.681744 -1.056985
1.264720 -0.731294 -1.031765
1.259060 -0.736726 -1.032522
1.262369 -0.662169 -1.036678
1.242090 -0.724255 -1.043275
1.248147 -0.757501 -1.057289
1.267612 -0.692451 -1.050891
1.250765 -0.678956 -1.061911
1.257580 -0.668218 -1.038260
1.248020 -0.716740 -1.042528
1.240342 -0.748177 -1.039644
1.242119 -0.708427 -1.074576
1.267718 -0.691888 -1.050770
1.248864 -0.738806 -1.037881
1.258125 -0.715391 -1.037067
1.250157 -0.722821 -1.060619
1.279258 -0.738634 -1.050087
1.271197 -0.697597 -1.048838
1.285461 -0.646003 -1.066423
1.258754 -0.773706 -1.049615
1.250837 -0.729463 -1.038027
1.254035 -0.684398 -1.057164
1.252342 -0.722055 -1.037801
1.262580 -0.731474 -1.054492
1.261010 -0.727753 -1.032729
1.261064 -0.727407 -1.032575
1.266813 -0.630660 -1.055564
1.285560 -0.645527 -1.066223
1.262787 -0.689744 -1.051910
1.254689 -0.672036 -1.060458
1.265208 -0.744525 -1.049229
1.260555 -0.740868 -1.054167
1.267662 -0.692263 -1.051125
1.255915 -0.767829 -1.050006
1.255591 -0.753570 -1.032216
1.266843 -0.669866 -1.055727
1.256326 -0.747927 -1.032367
1.251997 -0.758697 -1.055136
1.249251 -0.768095 -1.074879
1.259270 -0.685834 -1.056565
1.270903 -0.698705 -1.048788
1.273682 -0.644159 -1.049974
1.266613 -0.685290 -1.032477
1.235687 -0.799074 -1.016244
1.221068 -0.841457 -1.045496
1.254713 -0.748276 -1.055135
1.254892 -0.746900 -1.054941
1.285362 -0.646984 -1.066635
1.260152 -0.717779 -1.073187
1.266944 -0.629484 -1.055582
1.267866 -0.690743 -1.051091
1.220032 -0.801496 -1.045382
1.244765 -0.777590 -1.038772
1.279562 -0.693681 -1.067161
1.273452 -0.685102 -1.050069
1.257505 -0.694036 -1.056647
1.266857 -0.630207 -1.055315
1.273137 -0.687976 -1.048701
1.241246 -0.726692 -1.043938
1.254760 -0.747731 -1.054785
1.238122 -0.762327 -1.044427
1.241096 -0.729298 -1.020109
1.266956 -0.680482 -1.031806
1.264999 -0.689444 -1.031604
1.263696 -0.701227 -1.073221
1.227041 -0.793874 -1.044844
1.263511 -0.702327 -1.073687
1.255794 -0.808182 -1.049740
1.265994 -0.689988 -1.050211
1.250818 -0.729522 -1.038111
1.264171 -0.691948 -1.032039
1.269471 -0.654714 -1.072306
1.237257 -0.792011 -1.038872
1.253616 -0.727433 -1.059548
1.249692 -0.800643 -1.032786
1.279450 -0.693771 -1.067577
1.245989 -0.797528 -1.034406
1.257471 -0.741639 -1.032758
1.266897 -0.680831 -1.032007
1.261916 -0.727706 -1.033553
1.246038 -0.750413 -1.038176
1.260606 -0.740645 -1.054262
1.250689 -0.679481 -1.061674
1.264905 -0.730017 -1.031866
1.258088 -0.715503 -1.037104
1.273352 -0.685933 -1.050210
1.285557 -0.645399 -1.066380
1.248781 -0.738696 -1.037527
1.256790 -0.738385 -1.055498
1.269125 -0.675374 -1.073853
1.258040 -0.715834 -1.036625
1.266742 -0.670347 -1.055744
1.258787 -0.668263 -1.036994
1.247211 -0.810497 -1.033394
1.263405 -0.671442 -1.032207
1.241339 -0.726234 -1.043808
1.242098 -0.724334 -1.043245
1.261225 -0.726810 -1.032439
1.258292 -0.755824 -1.051755
1.264746 -0.730732 -1.031695
1.254564 -0.732446 -1.037052
1.264950 -0.703029 -1.051070
1.247005 -0.712633 -1.076849
1.262912 -0.668321 -1.056542
1.241653 -0.685276 -1.063755
1.261112 -0.727859 -1.032437
1.261091 -0.727408 -1.032814
1.252508 -0.749920 -1.049283
1.242030 -0.724571 -1.043221
1.257383 -0.694280 -1.056416
1.279145 -0.653869 -1.066586
1.249833 -0.683667 -1.038117
1.252358 -0.721666 -1.037330
1.267347 -0.696643 -1.051959
1.281576 -0.683599 -1.067505
1.237780 -0.800959 -1.037905
1.246034 -0.750294 -1.037899
1.264813 -0.730486 -1.031778
1.269676 -0.636097 -1.054837
1.260247 -0.678576 -1.056575
1.269240 -0.664549 -1.031260
1.272978 -0.671613 -1.079879
1.235562 -0.749711 -1.063259
1.245970 -0.750985 -1.038051
1.270010 -0.676775 -1.053364
1.259061 -0.736721 -1.032524
1.254523 -0.752086 -1.055587
1.251684 -0.723685 -1.036403
1.254096 -0.766031 -1.074212
1.239554 -0.818198 -1.056247
1.245355 -0.811865 -1.055441
1.270916 -0.698736 -1.048771
1.251176 -0.743755 -1.055750
1.284692 -0.695810 -1.045733
1.256267 -0.748472 -1.032404
1.254279 -0.713017 -1.038223
1.260575 -0.760879 -1.069829
1.238965 -0.819081 -1.056942
1.260458 -0.678207 -1.055941
1.264737 -0.691052 -1.031506
1.248018 -0.676620 -1.042216
1.264993 -0.729765 -1.031623
1.260397 -0.718185 -1.074471
1.245374 -0.811658 -1.055694
1.251855 -0.759691 -1.055185
1.266787 -0.721263 -1.031997
1.289362 -0.581639 -1.065458
1.270816 -0.682495 -1.030362
1.275060 -0.627961 -1.072648
1.245375 -0.811678 -1.055881
1.258597 -0.679081 -1.079236
1.245907 -0.798224 -1.034070
1.259104 -0.736681 -1.032434
1.248037 -0.741043 -1.038543
1.264543 -0.722825 -1.068581
1.279319 -0.638643 -1.049308
1.270522 -0.715071 -1.067866
1.256760 -0.687356 -1.078824
1.254789 -0.747279 -1.054901
1.258306 -0.730488 -1.054730
1.279376 -0.697084 -1.067421
1.253614 -0.714894 -1.037671
1.278834 -0.681971 -1.048291
1.264878 -0.730157 -1.031158
1.258497 -0.754521 -1.051630
1.252759 -0.706597 -1.074781
1.256803 -0.738018 -1.055233
1.249776 -0.800451 -1.033279
1.285322 -0.647016 -1.066706
1.260743 -0.699930 -1.054004
1.266863 -0.720878 -1.032086
1.266708 -0.718250 -1.034460
1.241290 -0.724643 -1.063316
1.256198 -0.756301 -1.074605
1.257971 -0.716368 -1.036872
1.252533 -0.762226 -1.052760
1.282674 -0.578469 -1.070748
1.269626 -0.726969 -1.033613
1.128670 -1.073879 -1.165212
1.250826 -0.729708 -1.038316
1.261004 -0.676920 -1.056410
1.263125 -0.666942 -1.056612
1.232785 -0.787509 -1.044191
1.249637 -0.801333 -1.033338
1.270738 -0.696538 -1.050544
1.261022 -0.676645 -1.056207
1.254630 -0.732219 -1.036968
1.249782 -0.800136 -1.033058
1.249767 -0.800516 -1.033273
1.258919 -0.737610 -1.032599
1.276660 -0.750813 -1.065850
1.269689 -0.682392 -1.051128
1.259063 -0.736659 -1.032240
1.270695 -0.683203 -1.030653
1.273577 -0.684477 -1.049852
1.249789 -0.799978 -1.033063
1.267748 -0.691249 -1.051135
1.266726 -0.721892 -1.032104
1.116308 -1.112154 -1.198980
1.245906 -0.798106 -1.034149
1.272670 -0.674401 -1.030980
1.260284 -0.665308 -1.037257
1.258015 -0.715910 -1.036898
1.269172 -0.676950 -1.031206
1.267626 -0.736157 -1.033847
1.256803 -0.687074 -1.078772
1.263492 -0.701990 -1.073522
1.258981 -0.737182 -1.032266
1.264567 -0.600185 -1.037007
1.273166 -0.687812 -1.048997
1.252316 -0.721844 -1.037641
1.254107 -0.765774 -1.074250
1.265033 -0.745142 -1.049420
1.251574 -0.740984 -1.057071
1.239566 -0.802093 -1.038761
1.281354 -0.689505 -1.050312
1.266918 -0.680443 -1.031830
1.260828 -0.699648 -1.054050
1.257086 -0.736532 -1.055324
1.233577 -0.849589 -1.039467
1.243863 -0.807634 -1.033811
1.266754 -0.670358 -1.055730
1.261751 -0.761074 -1.049203
1.273018 -0.688380 -1.048811
1.268017 -0.694303 -1.031049
1.246819 -0.698027 -1.057663
1.250424 -0.736796 -1.079666
1.277233 -0.698129 -1.090529
1.267619 -0.692017 -1.050666
1.272995 -0.688470 -1.048860
1.260294 -0.665344 -1.037259
1.272153 -0.666755 -1.053505
1.251512 -0.741385 -1.057336
1.253970 -0.725029 -1.059511
1.248084 -0.732541 -1.060174
1.267023 -0.685043 -1.073106
1.273012 -0.688424 -1.048835
1.266991 -0.680251 -1.031951
1.241596 -0.742615 -1.037709
1.255311 -0.726815 -1.037106
1.263550 -0.701599 -1.073471
1.257344 -0.735513 -1.031181
1.251078 -0.737104 -1.059529
1.261761 -0.628907 -1.056052
1.275024 -0.628427 -1.072742
1.276896 -0.690459 -1.047725
1.248786 -0.738694 -1.037798
1.265498 -0.692522 -1.073913
1.272601 -0.679882 -1.072399
1.256202 -0.748840 -1.032612
1.255853 -0.768286 -1.050224
1.253527 -0.687762 -1.055637
1.258326 -0.738948 -1.032734
1.275539 -0.675534 -1.050475
1.271256 -0.686598 -1.073340
1.265045 -0.745079 -1.049093
1.267938 -0.690820 -1.050946
1.261889 -0.760449 -1.049419
1.280561 -0.623131 -1.072140
1.252140 -0.723103 -1.037924
1.247899 -0.717409 -1.042337
1.269792 -0.682246 -1.051359
1.239294 -0.735652 -1.043517
1.259059 -0.736889 -1.032501
1.254314 -0.712781 -1.038020
1.271025 -0.697731 -1.048601
1.258308 -0.738807 -1.032747
1.124057 -1.098529 -1.166995
1.258098 -0.715444 -1.037103
1.244036 -0.715203 -1.043405
1.239327 -0.735672 -1.043450
1.267359 -0.696492 -1.051685
1.270883 -0.698384 -1.048064
1.270984 -0.697782 -1.048530
1.258347 -0.736494 -1.052513
1.256583 -0.688268 -1.078949
1.241224 -0.726895 -1.043364
1.252342 -0.722059 -1.037800
1.276601 -0.692464 -1.048108
1.251319 -0.719899 -1.074609
1.265036 -0.689421 -1.031865
1.257477 -0.693650 -1.056340
1.254910 -0.746715 -1.054813
1.254784 -0.747237 -1.054927
1.258945 -0.737486 -1.031982
1.278767 -0.716471 -1.069347
1.270331 -0.716329 -1.067836
1.281860 -0.642581 -1.067609
1.252653 -0.761292 -1.052151
1.258971 -0.737926 -1.032460
1.265373 -0.693529 -1.073927
1.251038 -0.784460 -1.055626
1.267734 -0.691355 -1.051153
1.275709 -0.634776 -1.050569
1.249924 -0.759493 -1.032815
1.260112 -0.706139 -1.037318
1.262641 -0.680214 -1.077951
1.245336 -0.743645 -1.060132
1.261041 -0.676666 -1.056401
1.254897 -0.747095 -1.054762
1.270898 -0.698556 -1.048521
1.258273 -0.674562 -1.036698
1.247035 -0.811226 -1.033275
1.262503 -0.731967 -1.054821
1.251598 -0.741062 -1.057010
1.250400 -0.701890 -1.057489
1.261065 -0.727635 -1.032692
1.253726 -0.730786 -1.057390
1.272960 -0.691120 -1.051041
1.258093 -0.715437 -1.036988
1.233729 -0.808829 -1.039283
1.254328 -0.712767 -1.038167
1.259107 -0.736666 -1.032434
1.244085 -0.714904 -1.043638
1.264830 -0.730214 -1.031792
1.251644 -0.740586 -1.057161
1.252534 -0.762233 -1.052617
1.257370 -0.694516 -1.056659
1.258451 -0.755054 -1.051630
1.260375 -0.720763 -1.055180
1.260985 -0.728316 -1.032846
1.253960 -0.717777 -1.038961
1.261580 -0.692010 -1.073990
1.238702 -0.805723 -1.038489
1.258925 -0.737850 -1.032546
1.273589 -0.684465 -1.050257
1.261032 -0.676859 -1.056356
1.264875 -0.730182 -1.031453
1.264894 -0.730827 -1.031584
1.251794 -0.743866 -1.037479
1.266712 -0.670772 -1.055690
1.252415 -0.721735 -1.037898
1.264109 -0.723890 -1.053958
1.264774 -0.730515 -1.031664
1.255061 -0.680958 -1.036677
1.258565 -0.754167 -1.051908
1.242280 -0.764427 -1.057968
1.267739 -0.691658 -1.051407
1.263355 -0.702697 -1.073388
1.260993 -0.727865 -1.032600
1.246913 -0.722503 -1.019350
1.273579 -0.644518 -1.050034
1.270521 -0.715187 -1.067867
1.251535 -0.724050 -1.038195
1.265122 -0.744892 -1.049469
1.248057 -0.732523 -1.060233
1.254797 -0.747227 -1.054892
1.293977 -0.646113 -1.067951
1.276727 -0.691131 -1.047510
1.266093 -0.674814 -1.054284
1.259085 -0.736648 -1.032194
1.250819 -0.729605 -1.038336
1.263549 -0.701525 -1.073493
1.258029 -0.662143 -1.059140
1.241564 -0.741826 -1.062447
1.258191 -0.675014 -1.036717
1.256044 -0.767072 -1.050213
1.257890 -0.716746 -1.036956
1.265428 -0.662154 -1.032474
1.265106 -0.744720 -1.049533
1.258466 -0.681481 -1.074892
1.252583 -0.762216 -1.052366
1.270988 -0.697686 -1.048519
1.269194 -0.624721 -1.031110
1.270199 -0.700075 -1.049065
1.242289 -0.764373 -1.057963
1.261961 -0.742398 -1.031878
1.248110 -0.732595 -1.059900
1.263079 -0.676020 -1.032826
1.264984 -0.729434 -1.031732
1.268289 -0.709120 -1.048597
1.270811 -0.656214 -1.050225
1.276965 -0.663604 -1.067191
1.265654 -0.691891 -1.073883
1.257602 -0.757467 -1.051969
1.271291 -0.691175 -1.034264
1.252638 -0.691452 -1.056888
1.256272 -0.748148 -1.032739
1.258261 -0.711784 -1.050267
1.272697 -0.643347 -1.048534
1.250814 -0.678705 -1.061648
1.262804 -0.703761 -1.073849
1.257861 -0.711210 -1.051865
1.250798 -0.678958 -1.061901
1.253399 -0.735933 -1.058070
1.252329 -0.722113 -1.037684
1.269723 -0.682220 -1.051502
1.258004 -0.711061 -1.054173
1.243732 -0.720089 -1.044377
1.254940 -0.746502 -1.054790
1.273736 -0.699948 -1.068013
1.273696 -0.617455 -1.051006
1.269304 -0.637486 -1.050769
1.258399 -0.687114 -1.056400
1.259107 -0.736661 -1.032436
1.262119 -0.741340 -1.031908
1.240036 -0.740418 -1.039283
1.256489 -0.672755 -1.060847
1.259019 -0.737135 -1.032380
1.256271 -0.748218 -1.032738
1.267737 -0.691437 -1.050870
1.124043 -1.098589 -1.166988
1.234737 -0.718497 -1.044498
1.263286 -0.687189 -1.055609
1.254298 -0.712603 -1.037996
1.265388 -0.611351 -1.056083
1.252408 -0.675622 -1.038179
1.256195 -0.748662 -1.032635
1.259096 -0.736980 -1.032110
1.242075 -0.724218 -1.043309
1.259520 -0.684251 -1.056927
1.261037 -0.676683 -1.056175
1.260189 -0.677468 -1.076699
1.253347 -0.737509 -1.031494
1.259065 -0.736782 -1.032536
1.260477 -0.696078 -1.032224
1.249618 -0.731161 -1.057478
1.261032 -0.727814 -1.032712
1.249700 -0.815833 -1.055068
1.260978 -0.676867 -1.056481
1.262112 -0.741470 -1.031650
1.259851 -0.742596 -1.054795
1.255725 -0.764170 -1.071553
1.246000 -0.797711 -1.034346
1.252161 -0.723067 -1.037905
1.249572 -0.733410 -1.038001
1.252329 -0.722149 -1.037804
1.268746 -0.709339 -1.034737
1.243072 -0.785407 -1.038616
1.252188 -0.723017 -1.037845
1.258918 -0.737760 -1.032596
1.259268 -0.729776 -1.039709
1.258423 -0.755229 -1.052212
1.267603 -0.692258 -1.050945
1.245994 -0.797484 -1.034406
1.258937 -0.737612 -1.032583
1.273498 -0.684946 -1.050414
1.255524 -0.748241 -1.052874
1.253349 -0.717855 -1.014982
1.251357 -0.727118 -1.014309
1.256432 -0.747373 -1.032647
1.259043 -0.736856 -1.032535
1.252717 -0.761285 -1.052586
1.269281 -0.687993 -1.052014
1.247028 -0.811636 -1.033473
1.258900 -0.737758 -1.032611
1.246141 -0.796577 -1.034310
1.260946 -0.728313 -1.032923
1.244059 -0.781353 -1.015808
1.259046 -0.736784 -1.032248
1.247741 -0.673824 -1.062519
1.243122 -0.785371 -1.038293
1.251195 -0.728056 -1.014737
1.275362 -0.676785 -1.050787
1.259057 -0.736570 -1.032236
1.275449 -0.723879 -1.029467
1.259136 -0.736400 -1.032620
1.246992 -0.695215 -1.038987
1.261060 -0.727403 -1.032862
1.249805 -0.800446 -1.032985
1.249613 -0.801228 -1.033411
1.264659 -0.731720 -1.031791
1.252335 -0.722146 -1.037802
1.261023 -0.676793 -1.056410
1.258924 -0.737709 -1.032603
1.261062 -0.727562 -1.032692
1.259060 -0.736724 -1.032523
1.124038 -1.098638 -1.167019
1.257616 -0.758074 -1.051323
1.254903 -0.746516 -1.054869
1.269221 -0.664542 -1.031300
1.244164 -0.806083 -1.033890
1.264116 -0.684125 -1.054154
1.261051 -0.727505 -1.032594
1.275382 -0.632236 -1.048453
1.259062 -0.736717 -1.032523
1.242074 -0.724223 -1.043306
1.260642 -0.760659 -1.069616
1.254449 -0.733184 -1.037073
1.266711 -0.670558 -1.055748
1.252359 -0.721802 -1.037549
1.271095 -0.697232 -1.048437
1.245994 -0.797485 -1.034406
1.257870 -0.749717 -1.074079
1.272762 -0.729709 -1.048912
1.259092 -0.639672 -1.056051
1.272249 -0.639788 -1.073173
1.264888 -0.690176 -1.031050
1.266755 -0.670244 -1.055542
1.266633 -0.671399 -1.055472
1.273814 -0.699359 -1.067859
1.265035 -0.745135 -1.049420
1.270660 -0.742526 -1.048970
1.249466 -0.733799 -1.037951
1.261221 -0.726600 -1.032780
1.261532 -0.762258 -1.049408
1.280433 -0.626799 -1.052076
1.258500 -0.754613 -1.051613
1.254174 -0.765612 -1.074306
1.114038 -1.080788 -1.173344
1.256490 -0.747208 -1.032577
1.252315 -0.722102 -1.037832
1.254352 -0.712741 -1.038133
1.276800 -0.664798 -1.067667
1.245931 -0.797727 -1.033875
1.243255 -0.784146 -1.038380
1.258784 -0.769126 -1.069430
1.270689 -0.696513 -1.050239
1.276173 -0.691555 -1.052271
1.269780 -0.682200 -1.051413
1.260652 -0.682580 -1.032254
1.272214 -0.625457 -1.050773
1.269748 -0.682160 -1.051494
1.265054 -0.745212 -1.049376
1.275131 -0.673412 -1.048397
1.248852 -0.751783 -1.057077
1.266535 -0.715617 -1.038479
1.264259 -0.683008 -1.054013
1.266986 -0.693430 -1.051681
1.248810 -0.738979 -1.037986
1.249776 -0.800450 -1.033277
1.260954 -0.676689 -1.056511
1.254264 -0.713166 -1.038064
1.255911 -0.658796 -1.038003
1.267761 -0.691477 -1.050848
1.275528 -0.675543 -1.050496
1.270563 -0.697502 -1.050416
1.259050 -0.736801 -1.032529
1.264962 -0.702826 -1.051351
1.259050 -0.736801 -1.032529
1.248037 -0.741181 -1.038514
1.252305 -0.722170 -1.037837
1.264974 -0.702862 -1.051187
1.258493 -0.754767 -1.051614
1.273394 -0.685889 -1.050138
1.252658 -0.761294 -1.052410
1.259052 -0.736785 -1.032530
1.239299 -0.740428 -1.059414
1.272089 -0.626091 -1.050844
1.259600 -0.683798 -1.056782
1.252624 -0.761865 -1.052545
1.276627 -0.692355 -1.047827
1.267759 -0.691410 -1.050848
1.261073 -0.727506 -1.032588
1.254339 -0.712689 -1.038163
1.252319 -0.722010 -1.037836
1.264876 -0.730665 -1.031502
1.266969 -0.693436 -1.051696
1.266947 -0.693723 -1.051708
1.258227 -0.739333 -1.032928
1.256583 -0.723139 -1.037602
1.252745 -0.736054 -1.034379
1.255501 -0.767299 -1.051965
1.258278 -0.755923 -1.051761
1.254591 -0.705676 -1.056908
1.252377 -0.721792 -1.037539
1.258328 -0.736807 -1.052626
1.261304 -0.741672 -1.052135
1.243865 -0.807586 -1.034142
1.258920 -0.737733 -1.032599
1.234838 -0.777802 -1.044268
1.258310 -0.755880 -1.051717
1.254872 -0.706129 -1.052443
1.259052 -0.736782 -1.032530
1.261062 -0.727464 -1.032862
1.254339 -0.712692 -1.038162
1.259048 -0.736769 -1.032253
1.245993 -0.797493 -1.034403
1.269633 -0.682986 -1.051539
1.260396 -0.745978 -1.052179
1.266590 -0.671364 -1.055541
1.273537 -0.684779 -1.050125
1.275550 -0.675521 -1.050459
1.244677 -0.712073 -1.020032
1.261158 -0.727142 -1.032920
1.265110 -0.744835 -1.049504
1.269757 -0.681967 -1.051478
1.269758 -0.682045 -1.051213
1.276772 -0.691362 -1.048036
1.241827 -0.723637 -1.019964
1.272249 -0.625557 -1.050973
1.258915 -0.737646 -1.032603
1.261065 -0.727552 -1.032860
1.275519 -0.675685 -1.050741
1.266882 -0.669682 -1.055573
1.271036 -0.697687 -1.048407
1.279696 -0.652427 -1.067157
1.272102 -0.600680 -1.032579
1.266263 -0.755288 -1.069211
1.279356 -0.694149 -1.067121
1.267737 -0.691335 -1.051155
1.259049 -0.736767 -1.032254
1.269746 -0.682173 -1.051494
1.273005 -0.688606 -1.049127
1.256624 -0.656842 -1.037548
1.260898 -0.739012 -1.054260
1.273029 -0.701844 -1.066529
1.250840 -0.742725 -1.057431
1.276771 -0.691251 -1.048035
1.267691 -0.691810 -1.050761
1.261058 -0.727603 -1.032533
1.264830 -0.730211 -1.031793
1.244005 -0.806642 -1.034045
1.253398 -0.717489 -1.015092
1.261144 -0.727086 -1.032954
1.282781 -0.656842 -1.066582
1.260536 -0.699219 -1.030968
1.266840 -0.669886 -1.055593
1.266737 -0.670482 -1.055743
1.124028 -1.098684 -1.166974
1.264059 -0.732522 -1.030672
1.252318 -0.722077 -1.037834
1.258279 -0.738858 -1.033067
1.112739 -1.087917 -1.175294
1.261544 -0.762140 -1.049134
1.243055 -0.785283 -1.038438
1.241947 -0.725043 -1.043355
1.256342 -0.747675 -1.032157
1.257656 -0.805152 -1.030835
1.264626 -0.731332 -1.031887
1.264813 -0.703762 -1.051419
1.282672 -0.566852 -1.070863
1.264468 -0.690692 -1.031630
1.257472 -0.741610 -1.032785
1.130950 -1.105540 -1.190365
1.261771 -0.734319 -1.053729
1.260998 -0.676862 -1.056467
1.237412 -0.790971 -1.039101
1.271868 -0.663053 -1.068091
1.273550 -0.684787 -1.049864
1.274725 -0.678240 -1.050329
1.272960 -0.728415 -1.048973
1.273741 -0.699776 -1.067806
1.249789 -0.773558 -1.052362
1.268070 -0.710277 -1.048790
1.263620 -0.684840 -1.052669
1.248814 -0.735750 -1.036826
1.265416 -0.662273 -1.032507
1.251540 -0.724396 -1.038352
1.282247 -0.699618 -1.069242
1.256750 -0.737886 -1.055012
1.264167 -0.729958 -1.051712
1.274728 -0.582960 -1.072242
1.273139 -0.687955 -1.048437
1.262072 -0.741516 -1.031731
1.259202 -0.735956 -1.032174
1.253855 -0.668199 -1.037754
1.258922 -0.737593 -1.032599
1.259041 -0.736862 -1.032535
1.266830 -0.720967 -1.032131
1.256269 -0.748176 -1.032736
1.293797 -0.646870 -1.067621
1.258982 -0.736681 -1.031996
1.256513 -0.758101 -1.058578
1.251852 -0.763980 -1.053085
1.251471 -0.724744 -1.038270
1.251694 -0.723328 -1.038367
1.277629 -0.638612 -1.052169
1.278887 -0.681323 -1.048031
1.261825 -0.743030 -1.032042
1.236534 -0.751318 -1.059475
1.251859 -0.755706 -1.074772
1.252333 -0.721988 -1.037564
1.273353 -0.686065 -1.050450
1.259042 -0.736678 -1.032252
1.275425 -0.673057 -1.053012
1.279465 -0.697768 -1.049827
1.261101 -0.630131 -1.056873
1.267710 -0.669114 -1.031293
1.261206 -0.726583 -1.032794
1.258385 -0.755293 -1.051846
1.272072 -0.626086 -1.050859
1.258067 -0.689061 -1.056489
1.256300 -0.748240 -1.032385
1.241561 -0.792729 -1.038589
1.241228 -0.818282 -1.034203
1.258114 -0.740095 -1.033160
1.259060 -0.736726 -1.032522
1.259071 -0.736805 -1.032487
1.254329 -0.712758 -1.038167
1.259073 -0.736782 -1.032489
1.245254 -0.769442 -1.057446
1.251231 -0.747150 -1.033092
1.259052 -0.736784 -1.032529
1.259052 -0.736784 -1.032529
1.275500 -0.675816 -1.050754
1.261053 -0.727535 -1.032869
1.258092 -0.715554 -1.037061
1.233337 -0.725616 -1.044552
1.267736 -0.691342 -1.051151
1.251360 -0.725396 -1.038467
1.247861 -0.717731 -1.042542
1.260829 -0.677797 -1.056520
1.261063 -0.727459 -1.032864
1.263397 -0.671332 -1.032196
1.259101 -0.736534 -1.032156
1.250185 -0.681030 -1.054263
1.261133 -0.727508 -1.032544
1.247765 -0.738434 -1.058200
1.123673 -1.093715 -1.164934
1.243136 -0.809836 -1.033253
1.254268 -0.713060 -1.038070
1.258923 -0.737715 -1.032599
1.242073 -0.724231 -1.043306
1.261046 -0.727457 -1.032744
1.267736 -0.691342 -1.051149
1.267738 -0.691417 -1.050886
1.258089 -0.715500 -1.037106
1.251571 -0.724167 -1.038340
1.236084 -0.752891 -1.039417
1.264832 -0.730102 -1.031531
1.255865 -0.768211 -1.050215
1.258281 -0.755898 -1.051772
1.261062 -0.727465 -1.032863
1.243980 -0.806781 -1.033773
1.251076 -0.727954 -1.058969
1.252358 -0.721926 -1.037551
1.112749 -1.087866 -1.175310
1.251842 -0.764421 -1.051890
1.269154 -0.676484 -1.031330
1.252145 -0.723180 -1.037916
1.261082 -0.727473 -1.032822
1.253406 -0.717427 -1.015085
1.266830 -0.720965 -1.032130
1.240047 -0.740058 -1.039297
1.258982 -0.737197 -1.032426
1.106197 -1.115142 -1.176180
1.267128 -0.693208 -1.050085
1.279576 -0.653177 -1.067228
1.244675 -0.712094 -1.020031
1.264919 -0.729925 -1.031857
1.254747 -0.812360 -1.049198
1.124043 -1.098589 -1.166988
1.248127 -0.741170 -1.036393
1.126127 -1.048357 -1.197553
1.270915 -0.698201 -1.048429
1.268756 -0.661008 -1.055883
1.243059 -0.785258 -1.038439
1.224852 -0.810785 -1.040645
1.264683 -0.731783 -1.031782
1.275439 -0.723796 -1.029492
1.259045 -0.736661 -1.032250
1.237249 -0.791983 -1.039419
1.266895 -0.669667 -1.055545
1.244025 -0.806992 -1.033633
1.273335 -0.686192 -1.050467
1.261062 -0.727639 -1.032842
1.259052 -0.736783 -1.032529
1.249537 -0.733512 -1.038043
1.266882 -0.721028 -1.031731
1.250865 -0.678331 -1.061775
1.273032 -0.688579 -1.048771
1.244920 -0.751766 -1.034314
1.260444 -0.683822 -1.032213
1.267295 -0.734540 -1.049917
1.241893 -0.791602 -1.015416
1.252516 -0.762432 -1.052495
1.252526 -0.762352 -1.052490
1.275265 -0.632984 -1.048565
1.266291 -0.673730 -1.054022
1.253355 -0.717739 -1.014675
1.258083 -0.715605 -1.037101
1.259172 -0.681690 -1.054557
1.267762 -0.691414 -1.050862
1.259006 -0.737247 -1.032388
1.264272 -0.683016 -1.054088
1.273015 -0.688481 -1.048818
1.254974 -0.719916 -1.074099
1.275401 -0.676616 -1.050480
1.263562 -0.701451 -1.073370
1.251963 -0.741138 -1.055439
1.275183 -0.630556 -1.050243
1.256040 -0.767094 -1.049919
1.266796 -0.736582 -1.053821
1.264478 -0.735263 -1.032034
1.254979 -0.706155 -1.055016
1.270524 -0.741921 -1.033319
1.264245 -0.747116 -1.049972
1.267612 -0.692083 -1.050960
1.267505 -0.736781 -1.033894
1.282908 -0.656284 -1.066243
1.275133 -0.630558 -1.049894
1.247888 -0.737367 -1.058132
1.258290 -0.738982 -1.033036
1.253507 -0.757590 -1.052540
1.247191 -0.826537 -1.051116
1.230119 -0.800315 -1.039711
1.258314 -0.756169 -1.051950
1.264275 -0.683029 -1.053829
1.238042 -0.743484 -1.038977
1.251562 -0.724375 -1.038347
1.258409 -0.737902 -1.032969
1.255489 -0.815227 -1.030619
1.270492 -0.697707 -1.050717
1.249782 -0.800278 -1.032996
1.261633 -0.761721 -1.049482
1.249603 -0.801151 -1.033167
1.256711 -0.741866 -1.035489
1.249548 -0.733697 -1.038009
1.264726 -0.748403 -1.034076
1.279252 -0.712329 -1.069487
1.234853 -0.671686 -1.044535
1.266943 -0.738547 -1.034235
1.271998 -0.667667 -1.053624
1.252261 -0.722656 -1.037707
1.245739 -0.792102 -1.040722
1.267878 -0.690771 -1.050773
1.246840 -0.812776 -1.033582
1.251600 -0.745050 -1.037581
1.262786 -0.712804 -1.039536
1.249616 -0.801414 -1.033383
1.260825 -0.677819 -1.056519
1.237280 -0.751922 -1.039455
1.255308 -0.726936 -1.037313
1.258098 -0.715576 -1.037074
1.233547 -0.807215 -1.038765
1.244003 -0.806657 -1.034046
1.273334 -0.686199 -1.050462
1.249786 -0.799993 -1.033060
1.259032 -0.737041 -1.032202
1.256628 -0.656801 -1.037553
1.252360 -0.721910 -1.037549
1.261014 -0.727549 -1.032740
1.238296 -0.787753 -1.016518
1.249789 -0.800251 -1.033267
1.255565 -0.766642 -1.051700
1.249449 -0.734067 -1.037946
1.252303 -0.722105 -1.037732
1.276928 -0.663847 -1.067191
1.267331 -0.696553 -1.051471
1.243866 -0.807580 -1.034142
1.258754 -0.768979 -1.069510
1.265896 -0.715790 -1.054187
1.264748 -0.730794 -1.031696
1.279024 -0.654440 -1.065922
1.281325 -0.648189 -1.068033
1.246128 -0.796833 -1.034320
1.259059 -0.736733 -1.032522
1.264963 -0.702824 -1.051350
1.237288 -0.791951 -1.039342
1.124032 -1.098660 -1.166981
1.274719 -0.678291 -1.050369
1.269746 -0.682170 -1.051494
1.255503 -0.767290 -1.051966
1.258278 -0.755923 -1.051761
1.252334 -0.722118 -1.037803
1.258922 -0.737717 -1.032599
1.264818 -0.730294 -1.031798
1.265029 -0.745091 -1.049447
1.249759 -0.800193 -1.033072
1.260830 -0.677792 -1.056521
1.279696 -0.652425 -1.067158
1.264343 -0.627883 -1.032836
1.252025 -0.738389 -1.057202
1.248030 -0.739496 -1.056527
1.258581 -0.770127 -1.069503
1.269494 -0.683658 -1.051104
1.261621 -0.761797 -1.049490
1.259756 -0.685478 -1.054667
1.260247 -0.665722 -1.037130
1.259027 -0.736753 -1.032012
1.251856 -0.755403 -1.074813
1.264980 -0.745568 -1.049309
1.252266 -0.722307 -1.037736
1.243028 -0.785483 -1.038689
1.260967 -0.728315 -1.032858
1.255631 -0.753543 -1.032132
1.261021 -0.676651 -1.056206
1.273538 -0.684837 -1.050124
1.270810 -0.738713 -1.048670
1.248852 -0.738714 -1.037670
1.250825 -0.729708 -1.038309
1.252660 -0.761403 -1.052408
1.243990 -0.806753 -1.034065
1.272433 -0.639215 -1.072151
1.262799 -0.713056 -1.039529
1.269559 -0.727543 -1.033889
1.262305 -0.756161 -1.049735
1.263531 -0.670649 -1.032114
1.135641 -1.050322 -1.165951
1.260342 -0.729563 -1.032630
1.139952 -1.038968 -1.187758
1.270316 -0.716424 -1.067848
1.258962 -0.737185 -1.032309
1.265029 -0.745092 -1.049447
1.260018 -0.743800 -1.049782
1.258034 -0.715896 -1.037007
1.091402 -1.122486 -1.184927
1.271017 -0.697738 -1.048789
1.266556 -0.713565 -1.068912
1.252143 -0.723193 -1.037922
1.269507 -0.679123 -1.049321
1.260792 -0.712859 -1.073582
1.253260 -0.673134 -1.037187
1.263993 -0.732843 -1.032196
1.262547 -0.622860 -1.056368
1.241380 -0.817241 -1.034184
1.263520 -0.683093 -1.073985
1.121876 -1.103618 -1.166252
1.269148 -0.638306 -1.051099
1.276305 -0.615946 -1.072839
1.251862 -0.790472 -1.033042
1.255592 -0.766737 -1.052062
1.274596 -0.651518 -1.067443
1.264977 -0.702683 -1.050849
1.229952 -0.807288 -1.040015
1.259050 -0.736791 -1.032530
1.261062 -0.727464 -1.032862
1.253739 -0.750520 -1.059679
1.256258 -0.748310 -1.032745
1.266334 -0.676678 -1.031693
1.247017 -0.811476 -1.033537
1.248479 -0.740768 -1.033563
1.242215 -0.809026 -1.040937
1.259040 -0.736870 -1.032536
1.112745 -1.087887 -1.175291
1.263972 -0.750818 -1.032860
1.243985 -0.806797 -1.034060
1.124028 -1.098684 -1.166974
1.230043 -0.824307 -1.039069
1.256322 -0.748237 -1.032591
1.240262 -0.821929 -1.033422
1.258901 -0.737894 -1.032625
1.260863 -0.613829 -1.057211
1.262102 -0.741200 -1.031717
1.269725 -0.682207 -1.051504
1.259189 -0.736099 -1.032467
1.252449 -0.721320 -1.037827
1.259073 -0.736778 -1.032488
1.261185 -0.726747 -1.032806
1.242109 -0.788722 -1.039208
1.256163 -0.749118 -1.032722
1.243857 -0.807643 -1.034148
1.258879 -0.737764 -1.032581
1.258281 -0.738907 -1.033070
1.250767 -0.729945 -1.037881
1.262535 -0.649676 -1.036579
1.267045 -0.719918 -1.032001
1.267587 -0.692504 -1.050958
1.275519 -0.675937 -1.050691
1.262594 -0.634151 -1.055972
1.272728 -0.687166 -1.050961
1.258271 -0.738982 -1.033077
1.256583 -0.723138 -1.037601
1.259060 -0.736726 -1.032522
1.256281 -0.748152 -1.032730
1.245083 -0.749378 -1.058435
1.256258 -0.748310 -1.032744
1.258101 -0.715712 -1.036951
1.259071 -0.736723 -1.032489
1.245991 -0.797382 -1.034401
1.268498 -0.639995 -1.073504
1.117383 -1.126470 -1.168024
1.243973 -0.806894 -1.034096
1.279696 -0.611421 -1.050510
1.268548 -0.615099 -1.055297
1.239662 -0.774565 -1.058105
1.267764 -0.691382 -1.050976
1.252316 -0.721964 -1.037622
1.265376 -0.662266 -1.032573
1.242064 -0.724237 -1.043310
1.267785 -0.691640 -1.051014
1.252608 -0.764513 -1.053975
1.252351 -0.721998 -1.037796
1.256963 -0.722728 -1.038408
1.251972 -0.789725 -1.033583
1.245554 -0.752699 -1.033927
1.252532 -0.736566 -1.057115
1.258465 -0.754709 -1.051667
1.258899 -0.737764 -1.032614
1.250468 -0.678583 -1.038821
1.256281 -0.747994 -1.032447
1.259050 -0.736725 -1.032529
1.254329 -0.712758 -1.038167
1.255589 -0.766802 -1.052062
1.264838 -0.730440 -1.031767
1.264255 -0.683018 -1.054103
1.243847 -0.807713 -1.034157
1.259051 -0.736791 -1.032530
1.264441 -0.735365 -1.032596
1.258963 -0.737710 -1.032518
1.262039 -0.741720 -1.032006
1.258611 -0.647570 -1.037902
1.261052 -0.727498 -1.032592
1.252328 -0.722010 -1.037830
1.117383 -1.126470 -1.168024
1.249545 -0.733684 -1.037893
1.264941 -0.702874 -1.051362
1.270721 -0.696382 -1.050370
1.248828 -0.738928 -1.037965
1.241268 -0.817898 -1.034175
1.237096 -0.793157 -1.039443
1.124040 -1.098626 -1.166991
1.260825 -0.677828 -1.056530
1.256858 -0.686786 -1.078662
1.266895 -0.720795 -1.031782
1.269493 -0.727650 -1.034106
1.262031 -0.741655 -1.031991
1.231805 -0.733208 -1.044829
1.270407 -0.715957 -1.067888
1.254255 -0.713108 -1.037959
1.241712 -0.725911 -1.038734
1.247193 -0.826522 -1.051171
1.255551 -0.809752 -1.050339
1.246074 -0.750046 -1.038156
1.269446 -0.702518 -1.049021
1.266819 -0.720951 -1.032015
1.264994 -0.729239 -1.031499
1.258291 -0.738980 -1.033035
1.272844 -0.678247 -1.072835
1.270745 -0.739032 -1.048577
1.249623 -0.801372 -1.033073
1.282522 -0.658530 -1.066918
1.265049 -0.689608 -1.031267
1.279810 -0.651918 -1.067081
1.256272 -0.748020 -1.032206
1.232968 -0.802724 -1.061755
1.273705 -0.699925 -1.068083
1.264085 -0.723770 -1.053907
1.260981 -0.676847 -1.056479
1.267019 -0.680282 -1.031594
1.262767 -0.646407 -1.074187
1.259025 -0.736638 -1.032014
1.267999 -0.635712 -1.073421
1.265190 -0.744449 -1.049028
1.273723 -0.699800 -1.068066
1.259038 -0.770144 -1.069123
1.276498 -0.692973 -1.047640
1.257471 -0.677039 -1.037330
1.264909 -0.703218 -1.050963
1.106038 -1.115958 -1.176299
1.265573 -0.692152 -1.073703
1.248862 -0.803570 -1.032541
1.273333 -0.686099 -1.050475
1.270272 -0.699923 -1.047232
1.255164 -0.705886 -1.070687
1.246196 -0.751704 -1.033496
1.279826 -0.610444 -1.050215
1.262885 -0.668760 -1.056779
1.261101 -0.727416 -1.032497
1.270995 -0.710910 -1.067927
1.247076 -0.811297 -1.033442
1.256110 -0.749243 -1.032819
1.262063 -0.741623 -1.031965
1.259007 -0.737335 -1.032406
1.262039 -0.741723 -1.032007
1.243348 -0.759406 -1.056359
1.128973 -1.124510 -1.169174
1.257538 -0.690336 -1.055527
1.276796 -0.691721 -1.047909
1.272074 -0.626073 -1.050859
1.267825 -0.726119 -1.068027
1.258476 -0.754656 -1.051450
1.260037 -0.706518 -1.037486
1.285256 -0.704320 -1.068835
1.260473 -0.678050 -1.055721
1.260604 -0.682879 -1.032415
1.266354 -0.673397 -1.054263
1.271049 -0.697489 -1.048620
1.273201 -0.730865 -1.033078
1.259027 -0.736739 -1.032521
1.267407 -0.737946 -1.033923
1.258302 -0.738710 -1.032773
1.264817 -0.730305 -1.031798
1.270994 -0.697899 -1.048781
1.265090 -0.668994 -1.038745
1.244111 -0.806107 -1.033889
1.242425 -0.763364 -1.057893
1.249775 -0.800330 -1.033067
1.256133 -0.749070 -1.032808
1.143724 -0.957557 -1.140920
1.283976 -0.627275 -1.066954
1.256327 -0.747665 -1.032174
1.234406 -0.741327 -1.038476
1.274848 -0.629667 -1.072799
1.124025 -1.098699 -1.167011
1.273026 -0.688474 -1.048809
1.265093 -0.744803 -1.049541
1.264198 -0.696533 -1.073605
1.254884 -0.746544 -1.054883
1.255287 -0.727136 -1.037315
1.271028 -0.697801 -1.048700
1.266283 -0.674057 -1.054153
1.261184 -0.726699 -1.032554
1.264831 -0.730205 -1.031793
1.270759 -0.696191 -1.050451
1.281709 -0.686647 -1.051422
1.258420 -0.754723 -1.051676
1.265069 -0.774494 -1.015538
1.270972 -0.697830 -1.048252
1.256269 -0.748073 -1.032491
1.261068 -0.727353 -1.032854
1.251990 -0.758617 -1.054899
1.261001 -0.727939 -1.032745
1.260678 -0.682407 -1.032207
1.261053 -0.727535 -1.032867
1.252612 -0.761811 -1.052578
1.261621 -0.761749 -1.049439
1.259045 -0.736816 -1.032221
1.259053 -0.736779 -1.032531
1.258922 -0.737720 -1.032598
1.261005 -0.727707 -1.032758
1.273514 -0.684943 -1.050401
1.268860 -0.638532 -1.050092
1.267704 -0.720844 -1.032712
1.255939 -0.767561 -1.050266
1.279809 -0.651905 -1.067339
1.251761 -0.723084 -1.038041
1.273562 -0.744906 -1.050871
1.270811 -0.738800 -1.048655
1.237265 -0.751834 -1.039785
1.259063 -0.737009 -1.032502
1.264456 -0.710680 -1.065346
1.279701 -0.652629 -1.067132
1.256715 -0.667900 -1.037117
1.264147 -0.723493 -1.054112
1.270646 -0.739964 -1.048707
1.279485 -0.693284 -1.067336
1.267140 -0.692673 -1.051611
1.246683 -0.702779 -1.020362
1.271096 -0.697417 -1.048698
1.242166 -0.730271 -1.039597
1.250339 -0.732243 -1.034071
1.248411 -0.772024 -1.075059
1.255568 -0.809546 -1.050054
1.124057 -1.098529 -1.166995
1.259330 -0.708704 -1.037034
1.264801 -0.730318 -1.031687
1.278960 -0.654412 -1.067646
1.269735 -0.682102 -1.051106
1.266759 -0.670330 -1.055733
1.130934 -1.105637 -1.190352
1.270168 -0.713778 -1.066692
1.253855 -0.755165 -1.052949
1.112739 -1.087917 -1.175294
1.142568 -1.032722 -1.187064
1.279621 -0.653472 -1.067135
1.259043 -0.736853 -1.032538
1.269745 -0.682182 -1.051491
1.126099 -1.088181 -1.164710
1.279490 -0.693375 -1.067357
1.273452 -0.685103 -1.050068
1.258497 -0.754841 -1.051606
1.157814 -0.911824 -1.186342
1.270283 -0.699891 -1.047256
1.260284 -0.746594 -1.052109
1.271694 -0.731747 -1.032358
1.288049 -0.692749 -1.068881
1.260989 -0.629347 -1.074996
1.252258 -0.722296 -1.037744
1.255623 -0.637975 -1.055711
1.272786 -0.673552 -1.031215
1.256402 -0.747371 -1.032398
1.234465 -0.803446 -1.039631
1.254776 -0.703070 -1.074657
1.258147 -0.731360 -1.054742
1.261018 -0.727769 -1.032727
1.261133 -0.727164 -1.032960
1.270755 -0.682959 -1.030890
1.263546 -0.745817 -1.056240
1.264856 -0.730075 -1.031491
1.277499 -0.636062 -1.065643
1.254941 -0.746256 -1.054629
1.250270 -0.722524 -1.060439
1.241908 -0.731495 -1.039202
1.271062 -0.697927 -1.048686
1.264096 -0.692390 -1.032231
1.285445 -0.646348 -1.066410
1.245935 -0.746353 -1.057561
1.260782 -0.712963 -1.073547
1.253380 -0.756110 -1.037567
1.262279 -0.756452 -1.049734
1.249651 -0.800681 -1.032865
1.275706 -0.634736 -1.050064
1.268040 -0.694025 -1.030799
1.135060 -1.093003 -1.166504
1.257884 -0.725552 -1.061114
1.232367 -0.768473 -1.045032
1.264404 -0.745954 -1.051146
1.259744 -0.661222 -1.036381
1.270844 -0.682757 -1.030798
1.288664 -0.609921 -1.065669
1.257498 -0.676839 -1.037346
1.264980 -0.729598 -1.031680
1.243488 -0.781624 -1.038829
1.243563 -0.780917 -1.038958
1.270815 -0.738938 -1.048880
1.252236 -0.630768 -1.038363
1.252992 -0.763991 -1.032587
1.281300 -0.629481 -1.049915
1.124026 -1.098687 -1.166984
1.242127 -0.788056 -1.039183
1.249593 -0.814427 -1.052960
1.272828 -0.729492 -1.049215
1.272977 -0.637746 -1.072696
1.267925 -0.694816 -1.030534
1.257772 -0.716692 -1.052188
1.272918 -0.638142 -1.072493
1.245990 -0.797564 -1.033780
1.244839 -0.776827 -1.038794
1.225043 -0.867555 -1.040566
1.252741 -0.821723 -1.050740
1.252890 -0.764813 -1.032301
1.266603 -0.646760 -1.031185
1.266119 -0.658525 -1.036523
1.267501 -0.693045 -1.050813
1.257424 -0.734755 -1.031758
1.258372 -0.730054 -1.054851
1.268022 -0.749991 -1.048917
1.279378 -0.698590 -1.050230
1.264136 -0.691913 -1.032041
1.264979 -0.689358 -1.031620
1.258404 -0.738644 -1.032961
1.265093 -0.744805 -1.049540
1.272639 -0.730421 -1.049113
1.258349 -0.633055 -1.078550
1.258520 -0.754824 -1.051310
1.254734 -0.705224 -1.056624
1.267975 -0.694691 -1.030955
1.271036 -0.697507 -1.048626
1.256863 -0.737549 -1.055347
1.276705 -0.704783 -1.067537
1.142529 -1.103684 -1.191512
1.258500 -0.648494 -1.037966
1.293543 -0.556906 -1.072956
1.270833 -0.682376 -1.030245
1.129498 -1.030882 -1.197295
1.243354 -0.799425 -1.056277
1.255586 -0.809632 -1.050291
1.273366 -0.733408 -1.029065
1.242860 -0.786665 -1.038579
1.278671 -0.683000 -1.048362
1.266891 -0.754965 -1.053105
1.262040 -0.741739 -1.031742
1.255577 -0.766832 -1.052069
1.259073 -0.736927 -1.032497
1.273434 -0.685097 -1.050079
1.256287 -0.747948 -1.032452
1.244005 -0.806644 -1.034045
1.277384 -0.622923 -1.048362
1.261199 -0.726589 -1.032540
1.245825 -0.733837 -1.038541
1.259074 -0.736926 -1.032496
1.262612 -0.673571 -1.032758
1.249820 -0.800034 -1.033255
1.264388 -0.735796 -1.032453
1.258194 -0.688185 -1.056681
1.243265 -0.812710 -1.049994
1.244446 -0.686602 -1.038631
1.256448 -0.747645 -1.032596
1.265391 -0.662140 -1.032557
1.264550 -0.722857 -1.068699
1.248842 -0.803279 -1.033429
1.258445 -0.738009 -1.032987
1.261258 -0.726876 -1.032705
1.233662 -0.764782 -1.059441
1.235268 -0.716389 -1.045005
1.266023 -0.693421 -1.057797
1.264800 -0.730467 -1.031452
1.238689 -0.805841 -1.038780
1.269482 -0.727587 -1.034013
1.252308 -0.722018 -1.037822
1.267519 -0.736805 -1.033626
1.243109 -0.809632 -1.034343
1.258917 -0.737765 -1.032599
1.245870 -0.747161 -1.057891
1.270223 -0.699834 -1.049047
1.263772 -0.724999 -1.069119
1.249479 -0.732143 -1.057763
1.264699 -0.761618 -1.068996
1.264960 -0.745503 -1.049344
1.256302 -0.747630 -1.032422
1.250365 -0.732266 -1.034030
1.274031 -0.702733 -1.048214
1.270645 -0.683417 -1.030419
1.267737 -0.691355 -1.050897
1.264833 -0.730218 -1.031531
1.262190 -0.756816 -1.049541
1.268841 -0.666748 -1.031090
1.261203 -0.726607 -1.032801
1.263321 -0.686409 -1.054699
1.260230 -0.665661 -1.037315
1.274976 -0.675675 -1.032939
1.239383 -0.803419 -1.038846
1.261445 -0.775780 -1.068898
1.279312 -0.694465 -1.067145
1.260268 -0.710979 -1.051314
1.273003 -0.688420 -1.048852
1.253158 -0.778964 -1.050220
1.251338 -0.727129 -1.014350
1.272616 -0.642812 -1.066348
1.261527 -0.733935 -1.053994
1.262193 -0.756997 -1.049513
1.240037 -0.740569 -1.039280
1.268261 -0.709432 -1.048900
1.267262 -0.687880 -1.053206
1.264807 -0.730284 -1.031562
1.247022 -0.811337 -1.033538
1.262405 -0.755630 -1.049542
1.254321 -0.712584 -1.037874
1.261092 -0.727403 -1.032815
1.264959 -0.702830 -1.051091
1.266840 -0.720896 -1.032125
1.261647 -0.761582 -1.049474
1.264661 -0.748890 -1.033879
1.256259 -0.748309 -1.032743
1.269289 -0.637648 -1.051060
1.262252 -0.756622 -1.049621
1.254581 -0.752646 -1.052759
1.246224 -0.615738 -1.062750
1.150162 -0.907814 -1.163245
1.262066 -0.741696 -1.031712
1.239265 -0.742537 -1.039825
1.279594 -0.692845 -1.067133
1.268194 -0.749093 -1.048860
1.269360 -0.679767 -1.049146
1.265259 -0.662923 -1.032354
1.271014 -0.697747 -1.048768
1.276920 -0.663793 -1.067353
1.260758 -0.722094 -1.039045
1.256322 -0.748108 -1.032650
1.250993 -0.784803 -1.056025
1.255429 -0.767655 -1.051876
1.262483 -0.674508 -1.032854
1.263524 -0.682323 -1.031998
1.264815 -0.703749 -1.051419
1.275835 -0.694639 -1.048649
1.248775 -0.738775 -1.037793
1.240280 -0.796594 -1.038892
1.238108 -0.743750 -1.038856
1.252336 -0.722248 -1.037807
1.258300 -0.738915 -1.033027
1.249596 -0.801325 -1.033144
1.236488 -0.770805 -1.059006
1.275208 -0.644931 -1.048136
1.248803 -0.738696 -1.037763
1.249778 -0.800438 -1.033280
1.255025 -0.665070 -1.037870
1.272088 -0.626368 -1.050801
1.251958 -0.789912 -1.033319
1.249804 -0.773399 -1.052801
1.258739 -0.773751 -1.049620
1.260881 -0.728480 -1.032710
1.259048 -0.736774 -1.032251
1.266953 -0.685322 -1.073407
1.249062 -0.793529 -1.055287
1.261061 -0.727470 -1.032864
1.269842 -0.677829 -1.053404
1.267422 -0.772514 -1.050820
1.243822 -0.807750 -1.033612
1.261058 -0.727415 -1.032862
1.251653 -0.740583 -1.057154
1.247969 -0.739796 -1.056435
1.124026 -1.098687 -1.166984
1.263108 -0.735926 -1.032173
1.267410 -0.687114 -1.053287
1.273015 -0.688477 -1.048820
1.252315 -0.721849 -1.037643
1.266382 -0.676483 -1.031574
1.258502 -0.770541 -1.069682
1.243717 -0.808376 -1.033670
1.263957 -0.767449 -1.053599
1.276770 -0.691377 -1.048035
1.257902 -0.758450 -1.050380
1.258958 -0.737324 -1.032314
1.245858 -0.747186 -1.057896
1.273391 -0.686016 -1.050135
1.252160 -0.723137 -1.037926
1.258245 -0.755959 -1.052001
1.258206 -0.739355 -1.032967
1.270791 -0.682797 -1.030359
1.269465 -0.676558 -1.057425
1.261051 -0.727521 -1.032498
1.267083 -0.735917 -1.049954
1.264965 -0.703045 -1.051295
1.243203 -0.808955 -1.034325
1.258276 -0.755996 -1.051761
1.270965 -0.698047 -1.048744
1.283054 -0.577803 -1.071319
1.261036 -0.727486 -1.032634
1.258365 -0.730011 -1.054848
1.270819 -0.738590 -1.048676
1.254270 -0.713053 -1.038071
1.256109 -0.749370 -1.032820
1.246982 -0.811722 -1.033551
1.260203 -0.702998 -1.049579
1.251525 -0.741390 -1.057322
1.274006 -0.617555 -1.050912
1.275316 -0.672459 -1.048278
1.260909 -0.677351 -1.056230
1.265007 -0.702722 -1.051010
1.277190 -0.573182 -1.072006
1.270983 -0.697794 -1.048527
1.285463 -0.645997 -1.066426
1.260399 -0.745905 -1.052181
1.266974 -0.736188 -1.049679
1.267031 -0.770226 -1.070879
1.249482 -0.733948 -1.037908
1.249849 -0.760056 -1.032832
1.249815 -0.760356 -1.033219
1.256756 -0.684722 -1.048934
1.265096 -0.744781 -1.049542
1.254989 -0.810461 -1.050780
1.258495 -0.770601 -1.069682
1.269136 -0.664961 -1.031480
1.261320 -0.695380 -1.054137
1.274980 -0.628630 -1.072780
1.270641 -0.617719 -1.054589
1.252709 -0.748600 -1.049054
1.273728 -0.699757 -1.068070
1.266490 -0.719648 -1.034522
1.267737 -0.691353 -1.050994
1.251644 -0.695119 -1.072842
1.283642 -0.587930 -1.066017
1.267825 -0.726005 -1.067804
1.258089 -0.715484 -1.036992
1.260666 -0.682449 -1.032227
1.259189 -0.736100 -1.032467
1.275524 -0.675572 -1.050493
1.249174 -0.738240 -1.038622
1.241228 -0.818281 -1.034194
1.264960 -0.702844 -1.051351
1.243060 -0.744995 -1.038524
1.259062 -0.736940 -1.032503
1.256281 -0.748152 -1.032730
1.264962 -0.702827 -1.051351
1.240834 -0.823205 -1.034789
1.256243 -0.748132 -1.032432
1.239313 -0.802033 -1.015585
1.258262 -0.739267 -1.033362
1.249720 -0.761197 -1.049565
1.258512 -0.804515 -1.035178
1.263555 -0.679055 -1.031350
1.262072 -0.703714 -1.050130
1.270185 -0.649122 -1.072912
1.256285 -0.748188 -1.032136
1.247257 -0.738176 -1.040424
1.246007 -0.797388 -1.034386
1.267046 -0.736038 -1.050035
1.254753 -0.731396 -1.037237
1.242089 -0.790271 -1.015177
1.261747 -0.734385 -1.068792
1.260823 -0.677806 -1.056080
1.264737 -0.730816 -1.031700
1.251776 -0.790846 -1.033678
1.263448 -0.622548 -1.050369
1.272120 -0.637936 -1.050626
1.269762 -0.682574 -1.051434
1.274096 -0.616741 -1.050897
1.252331 -0.722136 -1.037804
1.257341 -0.717653 -1.037610
1.240136 -0.797462 -1.038705
1.264820 -0.730563 -1.031635
1.252013 -0.701685 -1.055233
1.246472 -0.665532 -1.039095
1.271100 -0.696958 -1.048408
1.249470 -0.733832 -1.037922
1.260018 -0.701191 -1.051766
1.265715 -0.755438 -1.051750
1.270772 -0.738733 -1.048707
1.259034 -0.630918 -1.056023
1.253519 -0.684134 -1.041245
1.259170 -0.736407 -1.032362
1.265254 -0.656018 -1.038806
1.260577 -0.683316 -1.032342
1.255210 -0.771766 -1.052726
1.266545 -0.671666 -1.055539
1.261053 -0.727535 -1.032869
1.280908 -0.638710 -1.047373
1.273067 -0.589075 -1.066488
1.239446 -0.758148 -1.058476
1.243880 -0.807887 -1.033790
1.258288 -0.756224 -1.051954
1.261029 -0.727557 -1.032857
1.124028 -1.098684 -1.166974
1.257587 -0.739133 -1.052198
1.270965 -0.698429 -1.048509
1.273540 -0.684885 -1.050128
1.258458 -0.754671 -1.051690
1.261073 -0.727543 -1.032829
1.247030 -0.811368 -1.033255
1.253020 -0.674287 -1.037826
1.258332 -0.738850 -1.031216
1.264962 -0.732587 -1.032867
1.256598 -0.791687 -1.016879
1.243932 -0.806970 -1.033533
1.267610 -0.692371 -1.051219
1.264432 -0.746459 -1.049821
1.267727 -0.691498 -1.050893
1.264833 -0.730220 -1.031531
1.261050 -0.761974 -1.053956
1.264957 -0.703137 -1.051085
1.259073 -0.736781 -1.032489
1.253335 -0.737110 -1.033540
1.260008 -0.725772 -1.055973
1.245900 -0.798111 -1.034107
1.260998 -0.727769 -1.032764
1.253131 -0.779116 -1.049943
1.265846 -0.694300 -1.051413
1.243979 -0.806830 -1.033775
1.235402 -0.737309 -1.044091
1.261010 -0.677218 -1.056355
1.265027 -0.745068 -1.049173
1.255319 -0.726927 -1.037307
1.259061 -0.736803 -1.032495
1.271025 -0.697662 -1.048751
1.258868 -0.738561 -1.032342
1.254506 -0.688578 -1.056914
1.242063 -0.731170 -1.039318
1.260395 -0.745983 -1.052178
1.258989 -0.737139 -1.032419
1.268823 -0.660699 -1.055811
1.258306 -0.736805 -1.052667
1.266404 -0.673244 -1.033119
1.244123 -0.805975 -1.033962
1.264830 -0.730115 -1.031530
1.248957 -0.739906 -1.038931
1.251986 -0.678829 -1.053650
1.258455 -0.754803 -1.051690
1.264962 -0.702805 -1.051217
1.277817 -0.619865 -1.049850
1.265500 -0.651679 -1.067629
1.240374 -0.783953 -1.023001
1.259041 -0.736867 -1.032534
1.269371 -0.687092 -1.052272
1.261049 -0.727493 -1.032572
1.264020 -0.681505 -1.055686
1.259082 -0.736864 -1.032489
1.273996 -0.702739 -1.048236
1.270521 -0.682544 -1.051985
1.264703 -0.731293 -1.031779
1.258291 -0.738834 -1.033062
1.251828 -0.764008 -1.053124
1.260910 -0.728586 -1.032954
1.267750 -0.691361 -1.051134
1.253749 -0.690366 -1.057723
1.273005 -0.723134 -1.069925
1.261870 -0.727624 -1.033695
1.279853 -0.610388 -1.050423
1.264329 -0.763910 -1.068868
1.249545 -0.733593 -1.038012
1.263974 -0.681980 -1.055884
1.244005 -0.806519 -1.034047
1.267609 -0.692380 -1.051212
1.273307 -0.734021 -1.029218
1.245973 -0.706590 -1.058062
1.264827 -0.730465 -1.031631
1.263090 -0.666801 -1.056981
1.258430 -0.754984 -1.051942
1.259080 -0.737104 -1.032736
1.258281 -0.738905 -1.033068
1.233639 -0.752255 -1.056195
1.259078 -0.736950 -1.032182
1.259052 -0.736779 -1.032531
1.271605 -0.669328 -1.049455
1.252373 -0.721593 -1.037620
1.259199 -0.735843 -1.032175
1.243960 -0.806935 -1.033788
1.266549 -0.671761 -1.055766
1.276784 -0.691747 -1.047704
1.259041 -0.736651 -1.031995
1.267740 -0.691436 -1.051155
1.262305 -0.756270 -1.049699
1.234545 -0.803110 -1.039302
1.278932 -0.683057 -1.053529
1.277305 -0.572372 -1.072122
1.274534 -0.639650 -1.064479
1.259092 -0.736529 -1.032028
1.258418 -0.754842 -1.051670
1.270901 -0.711692 -1.068527
1.262230 -0.756604 -1.049381
1.258246 -0.738869 -1.032774
1.140002 -1.038532 -1.188036
1.266885 -0.754991 -1.052847
1.271925 -0.626846 -1.050635
1.273477 -0.685100 -1.050425
1.247523 -0.675298 -1.062094
1.279298 -0.603597 -1.072497
1.261048 -0.727524 -1.032733
1.249549 -0.733435 -1.038038
1.254231 -0.748301 -1.055211
1.237269 -0.751460 -1.039263
1.264959 -0.702768 -1.051092
1.262299 -0.756309 -1.049757
1.257235 -0.718148 -1.037550
1.252339 -0.722020 -1.037799
1.264978 -0.702966 -1.051286
1.270551 -0.715121 -1.067851
1.222028 -0.822610 -1.040612
1.258142 -0.740391 -1.033094
1.268132 -0.699424 -1.069273
1.258363 -0.730079 -1.054849
1.267456 -0.737178 -1.033772
1.267709 -0.691471 -1.050876
1.267738 -0.691414 -1.050888
1.268838 -0.657886 -1.068176
1.267489 -0.736896 -1.033910
1.266958 -0.693604 -1.051430
1.256482 -0.692677 -1.054717
1.267734 -0.691501 -1.051055
1.250051 -0.771738 -1.052509
1.270014 -0.650391 -1.072731
1.270947 -0.697826 -1.048514
1.278908 -0.654679 -1.067712
1.261021 -0.727552 -1.032347
1.259941 -0.701514 -1.051440
1.245095 -0.811254 -1.032400
1.259966 -0.741581 -1.058728
1.255934 -0.767976 -1.049941
1.270996 -0.697858 -1.048521
1.273422 -0.733158 -1.028902
1.264779 -0.730702 -1.031652
1.251724 -0.699766 -1.057396
1.273749 -0.699646 -1.067770
1.249645 -0.800749 -1.033148
1.264253 -0.683148 -1.054101
1.245944 -0.693429 -1.038228
1.258303 -0.738970 -1.032723
1.270735 -0.696218 -1.050487
1.268835 -0.697653 -1.068369
1.261051 -0.727507 -1.032596
1.269594 -0.682598 -1.051336
1.256722 -0.781151 -1.033054
1.234726 -0.802321 -1.039504
1.272578 -0.644031 -1.048308
1.245952 -0.732929 -1.038304
1.270594 -0.682146 -1.052068
1.260996 -0.727867 -1.032759
1.263394 -0.683002 -1.032064
1.264809 -0.730223 -1.031782
1.249901 -0.772664 -1.052603
1.266802 -0.694704 -1.051508
1.264814 -0.703754 -1.051423
1.233520 -0.752813 -1.055946
1.270539 -0.683153 -1.052094
1.248743 -0.694826 -1.057915
1.273516 -0.684859 -1.050162
1.243980 -0.806660 -1.033774
1.267641 -0.692249 -1.050872
1.271003 -0.697869 -1.048473
1.258268 -0.738830 -1.032829
1.263621 -0.713268 -1.065799
1.259060 -0.736725 -1.032523
1.224965 -0.810249 -1.040845
1.273614 -0.630208 -1.072431
1.266862 -0.669751 -1.055245
1.269744 -0.682060 -1.051494
1.262125 -0.640942 -1.054356
1.259186 -0.736263 -1.032151
1.285380 -0.646885 -1.066144
1.279573 -0.692856 -1.067174
1.259026 -0.736807 -1.032267
1.252319 -0.722074 -1.037836
1.258693 -0.741683 -1.033039
1.259073 -0.736783 -1.032488
1.273996 -0.702738 -1.048235
